-1.749363922263570
-1.675461550572928
-1.562875626396034
-1.499712835932172
-1.395593407153416
-1.045906656674267
-1.034743671946002
-1.019063185072187
-0.809803142228239
-0.670993379381696
-0.580333639480628
-0.557606581256711
-0.373926012233830
-0.202314741245613
-0.178131024607243
-0.163192252456855
-0.109361994196379
-0.073606614642922
-0.006449589840209
0.219928963189188
0.359504473817974
0.390908830229293
0.518329320139813
0.613522042492106
0.824685388830437
0.882740077963904
0.969465304135204
1.085155912489162
1.121444322285757
1.144963752511363
1.149771078867563
1.485428608074312
