 3.88954947722e-10
1.43778593088e-09
-2.93468232279e-06
-1.31362485367e-10
-1.88713807946e-09
-4.89856820778e-07
6.67874054932e-08
-1.63969059972e-09
-4.86939175253e-08
-6.37499097689e-08
1.79925094473e-07
-3.23934549507e-09
-2.52297256668e-11
3.47681529835e-08
1.46861336604e-10
-4.55488620782e-10
0.999999999993
2.44836893445e-06
-2.2292910119e-10
-1.08624626908e-11
-1.79003247088e-07
1.31926025572e-10
2.25688937395e-10
-4.16224593897e-09
1.61339852017e-09
7.36573803585e-08
-3.72781285111e-10
2.13444989185e-07
2.67699584751e-12
2.76429685601e-12
4.72082207356e-13
-1.10051683922e-11
