430300 0 0 16980 0 0 33960 0 0 -28270 0 0 0 0 0 0 0 0 16980 0 0 -28270 0 0 0 0 0 222 0 -1402 -35410 -32950 13320 -70820 0 -65910 -39710 -30150 -30150 0 0 0 0 0 0 -35410 32950 13320 -39710 30150 -30150 0 0 0 0 0 0 0 0 0 0 0 0 0 0 0 0 0 0 0 0 0 0 0 0 0 0 0 0 0 0 0 0 0 0 0 0 0 0 0 0 0 0 0 0 0 0 0 0 0 0 0 0 0 0 0 0 0 0 0 0 0 0 0 0 0 0 0 0 0 0 0 0 0 0 0 
0 566100 0 0 -133300 -2244 0 155200 0 0 -164200 -105400 0 0 0 0 0 0 0 -133300 2244 0 -164200 105400 0 0 0 0 143200 0 -32950 -65720 21310 0 61510 0 -30150 -68200 -48240 0 0 0 0 0 0 32950 -65720 -21310 30150 -68200 48240 0 0 0 0 0 0 0 0 0 0 0 0 0 0 0 0 0 0 0 0 0 0 0 0 0 0 0 0 0 0 0 0 0 0 0 0 0 0 0 0 0 0 0 0 0 0 0 0 0 0 0 0 0 0 0 0 0 0 0 0 0 0 0 0 0 0 0 0 0 0 0 0 0 0 0 
0 0 566100 0 2244 77590 0 0 -266600 0 -105400 -164200 0 0 0 0 0 0 0 -2244 77590 0 105400 -164200 0 0 0 1402 0 143200 -13320 -21310 30760 -65910 0 -131400 -30150 -48240 -68200 0 0 0 0 0 0 -13320 21310 30760 -30150 48240 -68200 0 0 0 0 0 0 0 0 0 0 0 0 0 0 0 0 0 0 0 0 0 0 0 0 0 0 0 0 0 0 0 0 0 0 0 0 0 0 0 0 0 0 0 0 0 0 0 0 0 0 0 0 0 0 0 0 0 0 0 0 0 0 0 0 0 0 0 0 0 0 0 0 0 0 0 
16980 0 0 215200 0 0 -28270 0 0 16980 0 0 0 0 0 0 0 0 0 0 0 0 0 0 0 0 0 -35410 32950 13320 111 701.1 -701.1 -39710 30150 -30150 -35410 -13320 -32950 0 0 0 0 0 0 0 0 0 0 0 0 0 0 0 0 0 0 0 0 0 0 0 0 0 0 0 0 0 0 0 0 0 0 0 0 0 0 0 0 0 0 0 0 0 0 0 0 0 0 0 0 0 0 0 0 0 0 0 0 0 0 0 0 0 0 0 0 0 0 0 0 0 0 0 0 0 0 0 0 0 0 0 0 0 0 0 
0 -133300 2244 0 283100 -105400 0 -164200 105400 0 77590 -2244 0 0 0 0 0 0 0 0 0 0 0 0 0 0 0 32950 -65720 -21310 -701.1 71610 -48240 30150 -68200 48240 13320 30760 21310 0 0 0 0 0 0 0 0 0 0 0 0 0 0 0 0 0 0 0 0 0 0 0 0 0 0 0 0 0 0 0 0 0 0 0 0 0 0 0 0 0 0 0 0 0 0 0 0 0 0 0 0 0 0 0 0 0 0 0 0 0 0 0 0 0 0 0 0 0 0 0 0 0 0 0 0 0 0 0 0 0 0 0 0 0 0 0 
0 -2244 77590 0 -105400 283100 0 105400 -164200 0 2244 -133300 0 0 0 0 0 0 0 0 0 0 0 0 0 0 0 -13320 21310 30760 701.1 -48240 71610 -30150 48240 -68200 -32950 -21310 -65720 0 0 0 0 0 0 0 0 0 0 0 0 0 0 0 0 0 0 0 0 0 0 0 0 0 0 0 0 0 0 0 0 0 0 0 0 0 0 0 0 0 0 0 0 0 0 0 0 0 0 0 0 0 0 0 0 0 0 0 0 0 0 0 0 0 0 0 0 0 0 0 0 0 0 0 0 0 0 0 0 0 0 0 0 0 0 0 
33960 0 0 -28270 0 0 860700 0 0 33960 0 0 33960 0 0 -28270 0 0 -28270 0 0 33960 0 0 -28270 0 0 -70820 0 65910 -39710 -30150 30150 444 0 0 -70820 -65910 0 -70820 0 -65910 -39710 -30150 -30150 -39710 30150 30150 -70820 65910 0 -39710 30150 -30150 0 0 0 0 0 0 0 0 0 0 0 0 0 0 0 0 0 0 0 0 0 0 0 0 0 0 0 0 0 0 0 0 0 0 0 0 0 0 0 0 0 0 0 0 0 0 0 0 0 0 0 0 0 0 0 0 0 0 0 0 0 0 0 0 0 0 0 0 0 0 0 0 
0 155200 0 0 -164200 105400 0 1.132e+06 0 0 -266600 0 0 155200 0 0 -164200 -105400 0 -164200 -105400 0 -266600 0 0 -164200 105400 0 61510 0 -30150 -68200 48240 0 286400 0 -65910 -131400 0 0 61510 0 -30150 -68200 -48240 30150 -68200 -48240 65910 -131400 0 30150 -68200 48240 0 0 0 0 0 0 0 0 0 0 0 0 0 0 0 0 0 0 0 0 0 0 0 0 0 0 0 0 0 0 0 0 0 0 0 0 0 0 0 0 0 0 0 0 0 0 0 0 0 0 0 0 0 0 0 0 0 0 0 0 0 0 0 0 0 0 0 0 0 0 0 0 
0 0 -266600 0 105400 -164200 0 0 1.132e+06 0 0 155200 0 0 -266600 0 -105400 -164200 0 -105400 -164200 0 0 155200 0 105400 -164200 65910 0 -131400 30150 48240 -68200 0 0 286400 0 0 61510 -65910 0 -131400 -30150 -48240 -68200 30150 -48240 -68200 0 0 61510 -30150 48240 -68200 0 0 0 0 0 0 0 0 0 0 0 0 0 0 0 0 0 0 0 0 0 0 0 0 0 0 0 0 0 0 0 0 0 0 0 0 0 0 0 0 0 0 0 0 0 0 0 0 0 0 0 0 0 0 0 0 0 0 0 0 0 0 0 0 0 0 0 0 0 0 0 0 
-28270 0 0 16980 0 0 33960 0 0 430300 0 0 -28270 0 0 16980 0 0 0 0 0 0 0 0 0 0 0 -39710 30150 30150 -35410 -13320 32950 -70820 65910 0 222 1402 0 -39710 30150 -30150 -35410 -13320 -32950 0 0 0 0 0 0 0 0 0 0 0 0 0 0 0 0 0 0 0 0 0 0 0 0 0 0 0 0 0 0 0 0 0 0 0 0 0 0 0 0 0 0 0 0 0 0 0 0 0 0 0 0 0 0 0 0 0 0 0 0 0 0 0 0 0 0 0 0 0 0 0 0 0 0 0 0 0 0 0 0 0 
0 -164200 -105400 0 77590 2244 0 -266600 0 0 566100 0 0 -164200 105400 0 77590 -2244 0 0 0 0 0 0 0 0 0 30150 -68200 -48240 13320 30760 -21310 65910 -131400 0 -1402 143200 0 30150 -68200 48240 13320 30760 21310 0 0 0 0 0 0 0 0 0 0 0 0 0 0 0 0 0 0 0 0 0 0 0 0 0 0 0 0 0 0 0 0 0 0 0 0 0 0 0 0 0 0 0 0 0 0 0 0 0 0 0 0 0 0 0 0 0 0 0 0 0 0 0 0 0 0 0 0 0 0 0 0 0 0 0 0 0 0 0 0 0 
0 -105400 -164200 0 -2244 -133300 0 0 155200 0 0 566100 0 105400 -164200 0 2244 -133300 0 0 0 0 0 0 0 0 0 30150 -48240 -68200 32950 21310 -65720 0 0 61510 0 0 143200 -30150 48240 -68200 -32950 -21310 -65720 0 0 0 0 0 0 0 0 0 0 0 0 0 0 0 0 0 0 0 0 0 0 0 0 0 0 0 0 0 0 0 0 0 0 0 0 0 0 0 0 0 0 0 0 0 0 0 0 0 0 0 0 0 0 0 0 0 0 0 0 0 0 0 0 0 0 0 0 0 0 0 0 0 0 0 0 0 0 0 0 0 
0 0 0 0 0 0 33960 0 0 -28270 0 0 430300 0 0 16980 0 0 0 0 0 -28270 0 0 16980 0 0 0 0 0 0 0 0 -70820 0 65910 -39710 -30150 30150 222 0 1402 -35410 -32950 -13320 0 0 0 -39710 30150 30150 -35410 32950 -13320 0 0 0 0 0 0 0 0 0 0 0 0 0 0 0 0 0 0 0 0 0 0 0 0 0 0 0 0 0 0 0 0 0 0 0 0 0 0 0 0 0 0 0 0 0 0 0 0 0 0 0 0 0 0 0 0 0 0 0 0 0 0 0 0 0 0 0 0 0 0 0 0 
0 0 0 0 0 0 0 155200 0 0 -164200 105400 0 566100 0 0 -133300 2244 0 0 0 0 -164200 -105400 0 -133300 -2244 0 0 0 0 0 0 0 61510 0 -30150 -68200 48240 0 143200 0 -32950 -65720 -21310 0 0 0 30150 -68200 -48240 32950 -65720 21310 0 0 0 0 0 0 0 0 0 0 0 0 0 0 0 0 0 0 0 0 0 0 0 0 0 0 0 0 0 0 0 0 0 0 0 0 0 0 0 0 0 0 0 0 0 0 0 0 0 0 0 0 0 0 0 0 0 0 0 0 0 0 0 0 0 0 0 0 0 0 0 0 
0 0 0 0 0 0 0 0 -266600 0 105400 -164200 0 0 566100 0 -2244 77590 0 0 0 0 -105400 -164200 0 2244 77590 0 0 0 0 0 0 65910 0 -131400 30150 48240 -68200 -1402 0 143200 13320 21310 30760 0 0 0 30150 -48240 -68200 13320 -21310 30760 0 0 0 0 0 0 0 0 0 0 0 0 0 0 0 0 0 0 0 0 0 0 0 0 0 0 0 0 0 0 0 0 0 0 0 0 0 0 0 0 0 0 0 0 0 0 0 0 0 0 0 0 0 0 0 0 0 0 0 0 0 0 0 0 0 0 0 0 0 0 0 0 
0 0 0 0 0 0 -28270 0 0 16980 0 0 16980 0 0 215200 0 0 0 0 0 0 0 0 0 0 0 0 0 0 0 0 0 -39710 30150 30150 -35410 -13320 32950 -35410 32950 -13320 111 701.1 701.1 0 0 0 0 0 0 0 0 0 0 0 0 0 0 0 0 0 0 0 0 0 0 0 0 0 0 0 0 0 0 0 0 0 0 0 0 0 0 0 0 0 0 0 0 0 0 0 0 0 0 0 0 0 0 0 0 0 0 0 0 0 0 0 0 0 0 0 0 0 0 0 0 0 0 0 0 0 0 0 0 0 
0 0 0 0 0 0 0 -164200 -105400 0 77590 2244 0 -133300 -2244 0 283100 105400 0 0 0 0 0 0 0 0 0 0 0 0 0 0 0 30150 -68200 -48240 13320 30760 -21310 32950 -65720 21310 -701.1 71610 48240 0 0 0 0 0 0 0 0 0 0 0 0 0 0 0 0 0 0 0 0 0 0 0 0 0 0 0 0 0 0 0 0 0 0 0 0 0 0 0 0 0 0 0 0 0 0 0 0 0 0 0 0 0 0 0 0 0 0 0 0 0 0 0 0 0 0 0 0 0 0 0 0 0 0 0 0 0 0 0 0 0 
0 0 0 0 0 0 0 -105400 -164200 0 -2244 -133300 0 2244 77590 0 105400 283100 0 0 0 0 0 0 0 0 0 0 0 0 0 0 0 30150 -48240 -68200 32950 21310 -65720 13320 -21310 30760 -701.1 48240 71610 0 0 0 0 0 0 0 0 0 0 0 0 0 0 0 0 0 0 0 0 0 0 0 0 0 0 0 0 0 0 0 0 0 0 0 0 0 0 0 0 0 0 0 0 0 0 0 0 0 0 0 0 0 0 0 0 0 0 0 0 0 0 0 0 0 0 0 0 0 0 0 0 0 0 0 0 0 0 0 0 0 
16980 0 0 0 0 0 -28270 0 0 0 0 0 0 0 0 0 0 0 215200 0 0 16980 0 0 0 0 0 -35410 -32950 13320 0 0 0 -39710 -30150 -30150 0 0 0 0 0 0 0 0 0 111 -701.1 -701.1 -35410 13320 -32950 0 0 0 0 0 0 0 0 0 0 0 0 0 0 0 0 0 0 0 0 0 0 0 0 0 0 0 0 0 0 0 0 0 0 0 0 0 0 0 0 0 0 0 0 0 0 0 0 0 0 0 0 0 0 0 0 0 0 0 0 0 0 0 0 0 0 0 0 0 0 0 0 0 0 0 
0 -133300 -2244 0 0 0 0 -164200 -105400 0 0 0 0 0 0 0 0 0 0 283100 105400 0 77590 2244 0 0 0 -32950 -65720 21310 0 0 0 -30150 -68200 -48240 0 0 0 0 0 0 0 0 0 701.1 71610 48240 -13320 30760 -21310 0 0 0 0 0 0 0 0 0 0 0 0 0 0 0 0 0 0 0 0 0 0 0 0 0 0 0 0 0 0 0 0 0 0 0 0 0 0 0 0 0 0 0 0 0 0 0 0 0 0 0 0 0 0 0 0 0 0 0 0 0 0 0 0 0 0 0 0 0 0 0 0 0 0 0 
0 2244 77590 0 0 0 0 -105400 -164200 0 0 0 0 0 0 0 0 0 0 105400 283100 0 -2244 -133300 0 0 0 -13320 -21310 30760 0 0 0 -30150 -48240 -68200 0 0 0 0 0 0 0 0 0 701.1 48240 71610 -32950 21310 -65720 0 0 0 0 0 0 0 0 0 0 0 0 0 0 0 0 0 0 0 0 0 0 0 0 0 0 0 0 0 0 0 0 0 0 0 0 0 0 0 0 0 0 0 0 0 0 0 0 0 0 0 0 0 0 0 0 0 0 0 0 0 0 0 0 0 0 0 0 0 0 0 0 0 0 0 
-28270 0 0 0 0 0 33960 0 0 0 0 0 -28270 0 0 0 0 0 16980 0 0 430300 0 0 16980 0 0 -39710 -30150 30150 0 0 0 -70820 -65910 0 0 0 0 -39710 -30150 -30150 0 0 0 -35410 13320 32950 222 -1402 0 -35410 13320 -32950 0 0 0 0 0 0 0 0 0 0 0 0 0 0 0 0 0 0 0 0 0 0 0 0 0 0 0 0 0 0 0 0 0 0 0 0 0 0 0 0 0 0 0 0 0 0 0 0 0 0 0 0 0 0 0 0 0 0 0 0 0 0 0 0 0 0 0 0 0 0 0 0 
0 -164200 105400 0 0 0 0 -266600 0 0 0 0 0 -164200 -105400 0 0 0 0 77590 -2244 0 566100 0 0 77590 2244 -30150 -68200 48240 0 0 0 -65910 -131400 0 0 0 0 -30150 -68200 -48240 0 0 0 -13320 30760 21310 1402 143200 0 -13320 30760 -21310 0 0 0 0 0 0 0 0 0 0 0 0 0 0 0 0 0 0 0 0 0 0 0 0 0 0 0 0 0 0 0 0 0 0 0 0 0 0 0 0 0 0 0 0 0 0 0 0 0 0 0 0 0 0 0 0 0 0 0 0 0 0 0 0 0 0 0 0 0 0 0 0 
0 105400 -164200 0 0 0 0 0 155200 0 0 0 0 -105400 -164200 0 0 0 0 2244 -133300 0 0 566100 0 -2244 -133300 30150 48240 -68200 0 0 0 0 0 61510 0 0 0 -30150 -48240 -68200 0 0 0 32950 -21310 -65720 0 0 143200 -32950 21310 -65720 0 0 0 0 0 0 0 0 0 0 0 0 0 0 0 0 0 0 0 0 0 0 0 0 0 0 0 0 0 0 0 0 0 0 0 0 0 0 0 0 0 0 0 0 0 0 0 0 0 0 0 0 0 0 0 0 0 0 0 0 0 0 0 0 0 0 0 0 0 0 0 0 
0 0 0 0 0 0 -28270 0 0 0 0 0 16980 0 0 0 0 0 0 0 0 16980 0 0 215200 0 0 0 0 0 0 0 0 -39710 -30150 30150 0 0 0 -35410 -32950 -13320 0 0 0 0 0 0 -35410 13320 32950 111 -701.1 701.1 0 0 0 0 0 0 0 0 0 0 0 0 0 0 0 0 0 0 0 0 0 0 0 0 0 0 0 0 0 0 0 0 0 0 0 0 0 0 0 0 0 0 0 0 0 0 0 0 0 0 0 0 0 0 0 0 0 0 0 0 0 0 0 0 0 0 0 0 0 0 0 0 
0 0 0 0 0 0 0 -164200 105400 0 0 0 0 -133300 2244 0 0 0 0 0 0 0 77590 -2244 0 283100 -105400 0 0 0 0 0 0 -30150 -68200 48240 0 0 0 -32950 -65720 -21310 0 0 0 0 0 0 -13320 30760 21310 701.1 71610 -48240 0 0 0 0 0 0 0 0 0 0 0 0 0 0 0 0 0 0 0 0 0 0 0 0 0 0 0 0 0 0 0 0 0 0 0 0 0 0 0 0 0 0 0 0 0 0 0 0 0 0 0 0 0 0 0 0 0 0 0 0 0 0 0 0 0 0 0 0 0 0 0 0 
0 0 0 0 0 0 0 105400 -164200 0 0 0 0 -2244 77590 0 0 0 0 0 0 0 2244 -133300 0 -105400 283100 0 0 0 0 0 0 30150 48240 -68200 0 0 0 13320 21310 30760 0 0 0 0 0 0 32950 -21310 -65720 -701.1 -48240 71610 0 0 0 0 0 0 0 0 0 0 0 0 0 0 0 0 0 0 0 0 0 0 0 0 0 0 0 0 0 0 0 0 0 0 0 0 0 0 0 0 0 0 0 0 0 0 0 0 0 0 0 0 0 0 0 0 0 0 0 0 0 0 0 0 0 0 0 0 0 0 0 0 
222 0 1402 -35410 32950 -13320 -70820 0 65910 -39710 30150 30150 0 0 0 0 0 0 -35410 -32950 -13320 -39710 -30150 30150 0 0 0 430300 0 0 16980 0 0 33960 0 0 -28270 0 0 0 0 0 0 0 0 16980 0 0 -28270 0 0 0 0 0 -35410 32950 13320 222 0 -1402 -39710 30150 -30150 -70820 0 -65910 0 0 0 0 0 0 -35410 -32950 13320 -39710 -30150 -30150 0 0 0 0 0 0 0 0 0 0 0 0 0 0 0 0 0 0 0 0 0 0 0 0 0 0 0 0 0 0 0 0 0 0 0 0 0 0 0 0 0 0 0 0 0 0 0 0 
0 143200 0 32950 -65720 21310 0 61510 0 30150 -68200 -48240 0 0 0 0 0 0 -32950 -65720 -21310 -30150 -68200 48240 0 0 0 0 566100 0 0 -133300 -2244 0 155200 0 0 -164200 -105400 0 0 0 0 0 0 0 -133300 2244 0 -164200 105400 0 0 0 32950 -65720 -21310 0 143200 0 30150 -68200 48240 0 61510 0 0 0 0 0 0 0 -32950 -65720 21310 -30150 -68200 -48240 0 0 0 0 0 0 0 0 0 0 0 0 0 0 0 0 0 0 0 0 0 0 0 0 0 0 0 0 0 0 0 0 0 0 0 0 0 0 0 0 0 0 0 0 0 0 0 0 
-1402 0 143200 13320 -21310 30760 65910 0 -131400 30150 -48240 -68200 0 0 0 0 0 0 13320 21310 30760 30150 48240 -68200 0 0 0 0 0 566100 0 2244 77590 0 0 -266600 0 -105400 -164200 0 0 0 0 0 0 0 -2244 77590 0 105400 -164200 0 0 0 -13320 21310 30760 1402 0 143200 -30150 48240 -68200 -65910 0 -131400 0 0 0 0 0 0 -13320 -21310 30760 -30150 -48240 -68200 0 0 0 0 0 0 0 0 0 0 0 0 0 0 0 0 0 0 0 0 0 0 0 0 0 0 0 0 0 0 0 0 0 0 0 0 0 0 0 0 0 0 0 0 0 0 0 0 
-35410 -32950 -13320 111 -701.1 701.1 -39710 -30150 30150 -35410 13320 32950 0 0 0 0 0 0 0 0 0 0 0 0 0 0 0 16980 0 0 215200 0 0 -28270 0 0 16980 0 0 0 0 0 0 0 0 0 0 0 0 0 0 0 0 0 0 0 0 -35410 32950 13320 0 0 0 -39710 30150 -30150 0 0 0 0 0 0 111 701.1 -701.1 -35410 -13320 -32950 0 0 0 0 0 0 0 0 0 0 0 0 0 0 0 0 0 0 0 0 0 0 0 0 0 0 0 0 0 0 0 0 0 0 0 0 0 0 0 0 0 0 0 0 0 0 0 0 
-32950 -65720 -21310 701.1 71610 -48240 -30150 -68200 48240 -13320 30760 21310 0 0 0 0 0 0 0 0 0 0 0 0 0 0 0 0 -133300 2244 0 283100 -105400 0 -164200 105400 0 77590 -2244 0 0 0 0 0 0 0 0 0 0 0 0 0 0 0 0 0 0 32950 -65720 -21310 0 0 0 30150 -68200 48240 0 0 0 0 0 0 -701.1 71610 -48240 13320 30760 21310 0 0 0 0 0 0 0 0 0 0 0 0 0 0 0 0 0 0 0 0 0 0 0 0 0 0 0 0 0 0 0 0 0 0 0 0 0 0 0 0 0 0 0 0 0 0 0 0 
13320 21310 30760 -701.1 -48240 71610 30150 48240 -68200 32950 -21310 -65720 0 0 0 0 0 0 0 0 0 0 0 0 0 0 0 0 -2244 77590 0 -105400 283100 0 105400 -164200 0 2244 -133300 0 0 0 0 0 0 0 0 0 0 0 0 0 0 0 0 0 0 -13320 21310 30760 0 0 0 -30150 48240 -68200 0 0 0 0 0 0 701.1 -48240 71610 -32950 -21310 -65720 0 0 0 0 0 0 0 0 0 0 0 0 0 0 0 0 0 0 0 0 0 0 0 0 0 0 0 0 0 0 0 0 0 0 0 0 0 0 0 0 0 0 0 0 0 0 0 0 
-70820 0 -65910 -39710 30150 -30150 444 0 0 -70820 65910 0 -70820 0 65910 -39710 30150 30150 -39710 -30150 -30150 -70820 -65910 0 -39710 -30150 30150 33960 0 0 -28270 0 0 860700 0 0 33960 0 0 33960 0 0 -28270 0 0 -28270 0 0 33960 0 0 -28270 0 0 -39710 30150 30150 -70820 0 65910 -70820 65910 0 444 0 0 -39710 30150 -30150 -70820 0 -65910 -39710 -30150 30150 -70820 -65910 0 -39710 -30150 -30150 0 0 0 0 0 0 0 0 0 0 0 0 0 0 0 0 0 0 0 0 0 0 0 0 0 0 0 0 0 0 0 0 0 0 0 0 0 0 0 0 0 0 0 0 0 
0 61510 0 30150 -68200 48240 0 286400 0 65910 -131400 0 0 61510 0 30150 -68200 -48240 -30150 -68200 -48240 -65910 -131400 0 -30150 -68200 48240 0 155200 0 0 -164200 105400 0 1.132e+06 0 0 -266600 0 0 155200 0 0 -164200 -105400 0 -164200 -105400 0 -266600 0 0 -164200 105400 30150 -68200 -48240 0 61510 0 65910 -131400 0 0 286400 0 30150 -68200 48240 0 61510 0 -30150 -68200 48240 -65910 -131400 0 -30150 -68200 -48240 0 0 0 0 0 0 0 0 0 0 0 0 0 0 0 0 0 0 0 0 0 0 0 0 0 0 0 0 0 0 0 0 0 0 0 0 0 0 0 0 0 0 0 0 0 
-65910 0 -131400 -30150 48240 -68200 0 0 286400 0 0 61510 65910 0 -131400 30150 -48240 -68200 -30150 -48240 -68200 0 0 61510 30150 48240 -68200 0 0 -266600 0 105400 -164200 0 0 1.132e+06 0 0 155200 0 0 -266600 0 -105400 -164200 0 -105400 -164200 0 0 155200 0 105400 -164200 30150 -48240 -68200 65910 0 -131400 0 0 61510 0 0 286400 -30150 48240 -68200 -65910 0 -131400 30150 48240 -68200 0 0 61510 -30150 -48240 -68200 0 0 0 0 0 0 0 0 0 0 0 0 0 0 0 0 0 0 0 0 0 0 0 0 0 0 0 0 0 0 0 0 0 0 0 0 0 0 0 0 0 0 0 0 0 
-39710 -30150 -30150 -35410 13320 -32950 -70820 -65910 0 222 -1402 0 -39710 -30150 30150 -35410 13320 32950 0 0 0 0 0 0 0 0 0 -28270 0 0 16980 0 0 33960 0 0 430300 0 0 -28270 0 0 16980 0 0 0 0 0 0 0 0 0 0 0 0 0 0 -39710 30150 30150 0 0 0 -70820 65910 0 0 0 0 -39710 30150 -30150 -35410 -13320 32950 222 1402 0 -35410 -13320 -32950 0 0 0 0 0 0 0 0 0 0 0 0 0 0 0 0 0 0 0 0 0 0 0 0 0 0 0 0 0 0 0 0 0 0 0 0 0 0 0 0 0 0 0 0 0 
-30150 -68200 -48240 -13320 30760 -21310 -65910 -131400 0 1402 143200 0 -30150 -68200 48240 -13320 30760 21310 0 0 0 0 0 0 0 0 0 0 -164200 -105400 0 77590 2244 0 -266600 0 0 566100 0 0 -164200 105400 0 77590 -2244 0 0 0 0 0 0 0 0 0 0 0 0 30150 -68200 -48240 0 0 0 65910 -131400 0 0 0 0 30150 -68200 48240 13320 30760 -21310 -1402 143200 0 13320 30760 21310 0 0 0 0 0 0 0 0 0 0 0 0 0 0 0 0 0 0 0 0 0 0 0 0 0 0 0 0 0 0 0 0 0 0 0 0 0 0 0 0 0 0 0 0 0 
-30150 -48240 -68200 -32950 21310 -65720 0 0 61510 0 0 143200 30150 48240 -68200 32950 -21310 -65720 0 0 0 0 0 0 0 0 0 0 -105400 -164200 0 -2244 -133300 0 0 155200 0 0 566100 0 105400 -164200 0 2244 -133300 0 0 0 0 0 0 0 0 0 0 0 0 30150 -48240 -68200 0 0 0 0 0 61510 0 0 0 -30150 48240 -68200 32950 21310 -65720 0 0 143200 -32950 -21310 -65720 0 0 0 0 0 0 0 0 0 0 0 0 0 0 0 0 0 0 0 0 0 0 0 0 0 0 0 0 0 0 0 0 0 0 0 0 0 0 0 0 0 0 0 0 0 
0 0 0 0 0 0 -70820 0 -65910 -39710 30150 -30150 222 0 -1402 -35410 32950 13320 0 0 0 -39710 -30150 -30150 -35410 -32950 13320 0 0 0 0 0 0 33960 0 0 -28270 0 0 430300 0 0 16980 0 0 0 0 0 -28270 0 0 16980 0 0 0 0 0 0 0 0 -39710 30150 30150 -70820 0 65910 -35410 32950 -13320 222 0 1402 0 0 0 -39710 -30150 30150 -35410 -32950 -13320 0 0 0 0 0 0 0 0 0 0 0 0 0 0 0 0 0 0 0 0 0 0 0 0 0 0 0 0 0 0 0 0 0 0 0 0 0 0 0 0 0 0 0 0 0 
0 0 0 0 0 0 0 61510 0 30150 -68200 48240 0 143200 0 32950 -65720 -21310 0 0 0 -30150 -68200 -48240 -32950 -65720 21310 0 0 0 0 0 0 0 155200 0 0 -164200 105400 0 566100 0 0 -133300 2244 0 0 0 0 -164200 -105400 0 -133300 -2244 0 0 0 0 0 0 30150 -68200 -48240 0 61510 0 32950 -65720 21310 0 143200 0 0 0 0 -30150 -68200 48240 -32950 -65720 -21310 0 0 0 0 0 0 0 0 0 0 0 0 0 0 0 0 0 0 0 0 0 0 0 0 0 0 0 0 0 0 0 0 0 0 0 0 0 0 0 0 0 0 0 0 0 
0 0 0 0 0 0 -65910 0 -131400 -30150 48240 -68200 1402 0 143200 -13320 21310 30760 0 0 0 -30150 -48240 -68200 -13320 -21310 30760 0 0 0 0 0 0 0 0 -266600 0 105400 -164200 0 0 566100 0 -2244 77590 0 0 0 0 -105400 -164200 0 2244 77590 0 0 0 0 0 0 30150 -48240 -68200 65910 0 -131400 13320 -21310 30760 -1402 0 143200 0 0 0 30150 48240 -68200 13320 21310 30760 0 0 0 0 0 0 0 0 0 0 0 0 0 0 0 0 0 0 0 0 0 0 0 0 0 0 0 0 0 0 0 0 0 0 0 0 0 0 0 0 0 0 0 0 0 
0 0 0 0 0 0 -39710 -30150 -30150 -35410 13320 -32950 -35410 -32950 13320 111 -701.1 -701.1 0 0 0 0 0 0 0 0 0 0 0 0 0 0 0 -28270 0 0 16980 0 0 16980 0 0 215200 0 0 0 0 0 0 0 0 0 0 0 0 0 0 0 0 0 0 0 0 -39710 30150 30150 0 0 0 -35410 32950 -13320 0 0 0 -35410 -13320 32950 111 701.1 701.1 0 0 0 0 0 0 0 0 0 0 0 0 0 0 0 0 0 0 0 0 0 0 0 0 0 0 0 0 0 0 0 0 0 0 0 0 0 0 0 0 0 0 0 0 0 
0 0 0 0 0 0 -30150 -68200 -48240 -13320 30760 -21310 -32950 -65720 21310 701.1 71610 48240 0 0 0 0 0 0 0 0 0 0 0 0 0 0 0 0 -164200 -105400 0 77590 2244 0 -133300 -2244 0 283100 105400 0 0 0 0 0 0 0 0 0 0 0 0 0 0 0 0 0 0 30150 -68200 -48240 0 0 0 32950 -65720 21310 0 0 0 13320 30760 -21310 -701.1 71610 48240 0 0 0 0 0 0 0 0 0 0 0 0 0 0 0 0 0 0 0 0 0 0 0 0 0 0 0 0 0 0 0 0 0 0 0 0 0 0 0 0 0 0 0 0 0 
0 0 0 0 0 0 -30150 -48240 -68200 -32950 21310 -65720 -13320 -21310 30760 701.1 48240 71610 0 0 0 0 0 0 0 0 0 0 0 0 0 0 0 0 -105400 -164200 0 -2244 -133300 0 2244 77590 0 105400 283100 0 0 0 0 0 0 0 0 0 0 0 0 0 0 0 0 0 0 30150 -48240 -68200 0 0 0 13320 -21310 30760 0 0 0 32950 21310 -65720 -701.1 48240 71610 0 0 0 0 0 0 0 0 0 0 0 0 0 0 0 0 0 0 0 0 0 0 0 0 0 0 0 0 0 0 0 0 0 0 0 0 0 0 0 0 0 0 0 0 0 
-35410 32950 -13320 0 0 0 -39710 30150 30150 0 0 0 0 0 0 0 0 0 111 701.1 701.1 -35410 -13320 32950 0 0 0 16980 0 0 0 0 0 -28270 0 0 0 0 0 0 0 0 0 0 0 215200 0 0 16980 0 0 0 0 0 111 -701.1 -701.1 -35410 -32950 13320 -35410 13320 -32950 -39710 -30150 -30150 0 0 0 0 0 0 0 0 0 0 0 0 0 0 0 0 0 0 0 0 0 0 0 0 0 0 0 0 0 0 0 0 0 0 0 0 0 0 0 0 0 0 0 0 0 0 0 0 0 0 0 0 0 0 0 0 0 0 0 0 
32950 -65720 21310 0 0 0 30150 -68200 -48240 0 0 0 0 0 0 0 0 0 -701.1 71610 48240 13320 30760 -21310 0 0 0 0 -133300 -2244 0 0 0 0 -164200 -105400 0 0 0 0 0 0 0 0 0 0 283100 105400 0 77590 2244 0 0 0 701.1 71610 48240 -32950 -65720 21310 -13320 30760 -21310 -30150 -68200 -48240 0 0 0 0 0 0 0 0 0 0 0 0 0 0 0 0 0 0 0 0 0 0 0 0 0 0 0 0 0 0 0 0 0 0 0 0 0 0 0 0 0 0 0 0 0 0 0 0 0 0 0 0 0 0 0 0 0 0 0 0 
13320 -21310 30760 0 0 0 30150 -48240 -68200 0 0 0 0 0 0 0 0 0 -701.1 48240 71610 32950 21310 -65720 0 0 0 0 2244 77590 0 0 0 0 -105400 -164200 0 0 0 0 0 0 0 0 0 0 105400 283100 0 -2244 -133300 0 0 0 701.1 48240 71610 -13320 -21310 30760 -32950 21310 -65720 -30150 -48240 -68200 0 0 0 0 0 0 0 0 0 0 0 0 0 0 0 0 0 0 0 0 0 0 0 0 0 0 0 0 0 0 0 0 0 0 0 0 0 0 0 0 0 0 0 0 0 0 0 0 0 0 0 0 0 0 0 0 0 0 0 0 
-39710 30150 -30150 0 0 0 -70820 65910 0 0 0 0 -39710 30150 30150 0 0 0 -35410 -13320 -32950 222 1402 0 -35410 -13320 32950 -28270 0 0 0 0 0 33960 0 0 0 0 0 -28270 0 0 0 0 0 16980 0 0 430300 0 0 16980 0 0 -35410 13320 32950 -39710 -30150 30150 222 -1402 0 -70820 -65910 0 -35410 13320 -32950 -39710 -30150 -30150 0 0 0 0 0 0 0 0 0 0 0 0 0 0 0 0 0 0 0 0 0 0 0 0 0 0 0 0 0 0 0 0 0 0 0 0 0 0 0 0 0 0 0 0 0 0 0 0 0 0 0 0 0 0 
30150 -68200 48240 0 0 0 65910 -131400 0 0 0 0 30150 -68200 -48240 0 0 0 13320 30760 21310 -1402 143200 0 13320 30760 -21310 0 -164200 105400 0 0 0 0 -266600 0 0 0 0 0 -164200 -105400 0 0 0 0 77590 -2244 0 566100 0 0 77590 2244 -13320 30760 21310 -30150 -68200 48240 1402 143200 0 -65910 -131400 0 -13320 30760 -21310 -30150 -68200 -48240 0 0 0 0 0 0 0 0 0 0 0 0 0 0 0 0 0 0 0 0 0 0 0 0 0 0 0 0 0 0 0 0 0 0 0 0 0 0 0 0 0 0 0 0 0 0 0 0 0 0 0 0 0 0 
-30150 48240 -68200 0 0 0 0 0 61510 0 0 0 30150 -48240 -68200 0 0 0 -32950 -21310 -65720 0 0 143200 32950 21310 -65720 0 105400 -164200 0 0 0 0 0 155200 0 0 0 0 -105400 -164200 0 0 0 0 2244 -133300 0 0 566100 0 -2244 -133300 32950 -21310 -65720 30150 48240 -68200 0 0 143200 0 0 61510 -32950 21310 -65720 -30150 -48240 -68200 0 0 0 0 0 0 0 0 0 0 0 0 0 0 0 0 0 0 0 0 0 0 0 0 0 0 0 0 0 0 0 0 0 0 0 0 0 0 0 0 0 0 0 0 0 0 0 0 0 0 0 0 0 0 
0 0 0 0 0 0 -39710 30150 -30150 0 0 0 -35410 32950 13320 0 0 0 0 0 0 -35410 -13320 -32950 111 701.1 -701.1 0 0 0 0 0 0 -28270 0 0 0 0 0 16980 0 0 0 0 0 0 0 0 16980 0 0 215200 0 0 0 0 0 0 0 0 -35410 13320 32950 -39710 -30150 30150 111 -701.1 701.1 -35410 -32950 -13320 0 0 0 0 0 0 0 0 0 0 0 0 0 0 0 0 0 0 0 0 0 0 0 0 0 0 0 0 0 0 0 0 0 0 0 0 0 0 0 0 0 0 0 0 0 0 0 0 0 0 0 0 0 0 
0 0 0 0 0 0 30150 -68200 48240 0 0 0 32950 -65720 -21310 0 0 0 0 0 0 13320 30760 21310 -701.1 71610 -48240 0 0 0 0 0 0 0 -164200 105400 0 0 0 0 -133300 2244 0 0 0 0 0 0 0 77590 -2244 0 283100 -105400 0 0 0 0 0 0 -13320 30760 21310 -30150 -68200 48240 701.1 71610 -48240 -32950 -65720 -21310 0 0 0 0 0 0 0 0 0 0 0 0 0 0 0 0 0 0 0 0 0 0 0 0 0 0 0 0 0 0 0 0 0 0 0 0 0 0 0 0 0 0 0 0 0 0 0 0 0 0 0 0 0 0 
0 0 0 0 0 0 -30150 48240 -68200 0 0 0 -13320 21310 30760 0 0 0 0 0 0 -32950 -21310 -65720 701.1 -48240 71610 0 0 0 0 0 0 0 105400 -164200 0 0 0 0 -2244 77590 0 0 0 0 0 0 0 2244 -133300 0 -105400 283100 0 0 0 0 0 0 32950 -21310 -65720 30150 48240 -68200 -701.1 -48240 71610 13320 21310 30760 0 0 0 0 0 0 0 0 0 0 0 0 0 0 0 0 0 0 0 0 0 0 0 0 0 0 0 0 0 0 0 0 0 0 0 0 0 0 0 0 0 0 0 0 0 0 0 0 0 0 0 0 0 0 
0 0 0 0 0 0 0 0 0 0 0 0 0 0 0 0 0 0 0 0 0 0 0 0 0 0 0 -35410 32950 -13320 0 0 0 -39710 30150 30150 0 0 0 0 0 0 0 0 0 111 701.1 701.1 -35410 -13320 32950 0 0 0 215200 0 0 16980 0 0 16980 0 0 -28270 0 0 0 0 0 0 0 0 0 0 0 0 0 0 0 0 0 111 -701.1 -701.1 -35410 -32950 13320 -35410 13320 -32950 -39710 -30150 -30150 0 0 0 0 0 0 0 0 0 0 0 0 0 0 0 0 0 0 0 0 0 0 0 0 0 0 0 0 0 0 0 0 0 
0 0 0 0 0 0 0 0 0 0 0 0 0 0 0 0 0 0 0 0 0 0 0 0 0 0 0 32950 -65720 21310 0 0 0 30150 -68200 -48240 0 0 0 0 0 0 0 0 0 -701.1 71610 48240 13320 30760 -21310 0 0 0 0 283100 105400 0 -133300 -2244 0 77590 2244 0 -164200 -105400 0 0 0 0 0 0 0 0 0 0 0 0 0 0 0 701.1 71610 48240 -32950 -65720 21310 -13320 30760 -21310 -30150 -68200 -48240 0 0 0 0 0 0 0 0 0 0 0 0 0 0 0 0 0 0 0 0 0 0 0 0 0 0 0 0 0 0 0 0 0 
0 0 0 0 0 0 0 0 0 0 0 0 0 0 0 0 0 0 0 0 0 0 0 0 0 0 0 13320 -21310 30760 0 0 0 30150 -48240 -68200 0 0 0 0 0 0 0 0 0 -701.1 48240 71610 32950 21310 -65720 0 0 0 0 105400 283100 0 2244 77590 0 -2244 -133300 0 -105400 -164200 0 0 0 0 0 0 0 0 0 0 0 0 0 0 0 701.1 48240 71610 -13320 -21310 30760 -32950 21310 -65720 -30150 -48240 -68200 0 0 0 0 0 0 0 0 0 0 0 0 0 0 0 0 0 0 0 0 0 0 0 0 0 0 0 0 0 0 0 0 0 
0 0 0 0 0 0 0 0 0 0 0 0 0 0 0 0 0 0 0 0 0 0 0 0 0 0 0 222 0 1402 -35410 32950 -13320 -70820 0 65910 -39710 30150 30150 0 0 0 0 0 0 -35410 -32950 -13320 -39710 -30150 30150 0 0 0 16980 0 0 430300 0 0 -28270 0 0 33960 0 0 0 0 0 0 0 0 16980 0 0 -28270 0 0 0 0 0 -35410 32950 13320 222 0 -1402 -39710 30150 -30150 -70820 0 -65910 0 0 0 0 0 0 -35410 -32950 13320 -39710 -30150 -30150 0 0 0 0 0 0 0 0 0 0 0 0 0 0 0 0 0 0 0 0 0 
0 0 0 0 0 0 0 0 0 0 0 0 0 0 0 0 0 0 0 0 0 0 0 0 0 0 0 0 143200 0 32950 -65720 21310 0 61510 0 30150 -68200 -48240 0 0 0 0 0 0 -32950 -65720 -21310 -30150 -68200 48240 0 0 0 0 -133300 2244 0 566100 0 0 -164200 105400 0 155200 0 0 0 0 0 0 0 0 -133300 -2244 0 -164200 -105400 0 0 0 32950 -65720 -21310 0 143200 0 30150 -68200 48240 0 61510 0 0 0 0 0 0 0 -32950 -65720 21310 -30150 -68200 -48240 0 0 0 0 0 0 0 0 0 0 0 0 0 0 0 0 0 0 0 0 0 
0 0 0 0 0 0 0 0 0 0 0 0 0 0 0 0 0 0 0 0 0 0 0 0 0 0 0 -1402 0 143200 13320 -21310 30760 65910 0 -131400 30150 -48240 -68200 0 0 0 0 0 0 13320 21310 30760 30150 48240 -68200 0 0 0 0 -2244 77590 0 0 566100 0 105400 -164200 0 0 -266600 0 0 0 0 0 0 0 2244 77590 0 -105400 -164200 0 0 0 -13320 21310 30760 1402 0 143200 -30150 48240 -68200 -65910 0 -131400 0 0 0 0 0 0 -13320 -21310 30760 -30150 -48240 -68200 0 0 0 0 0 0 0 0 0 0 0 0 0 0 0 0 0 0 0 0 0 
0 0 0 0 0 0 0 0 0 0 0 0 0 0 0 0 0 0 0 0 0 0 0 0 0 0 0 -39710 30150 -30150 0 0 0 -70820 65910 0 0 0 0 -39710 30150 30150 0 0 0 -35410 -13320 -32950 222 1402 0 -35410 -13320 32950 16980 0 0 -28270 0 0 430300 0 0 33960 0 0 16980 0 0 -28270 0 0 0 0 0 0 0 0 0 0 0 -35410 13320 32950 -39710 -30150 30150 222 -1402 0 -70820 -65910 0 -35410 13320 -32950 -39710 -30150 -30150 0 0 0 0 0 0 0 0 0 0 0 0 0 0 0 0 0 0 0 0 0 0 0 0 0 0 0 
0 0 0 0 0 0 0 0 0 0 0 0 0 0 0 0 0 0 0 0 0 0 0 0 0 0 0 30150 -68200 48240 0 0 0 65910 -131400 0 0 0 0 30150 -68200 -48240 0 0 0 13320 30760 21310 -1402 143200 0 13320 30760 -21310 0 77590 -2244 0 -164200 105400 0 566100 0 0 -266600 0 0 77590 2244 0 -164200 -105400 0 0 0 0 0 0 0 0 0 -13320 30760 21310 -30150 -68200 48240 1402 143200 0 -65910 -131400 0 -13320 30760 -21310 -30150 -68200 -48240 0 0 0 0 0 0 0 0 0 0 0 0 0 0 0 0 0 0 0 0 0 0 0 0 0 0 0 
0 0 0 0 0 0 0 0 0 0 0 0 0 0 0 0 0 0 0 0 0 0 0 0 0 0 0 -30150 48240 -68200 0 0 0 0 0 61510 0 0 0 30150 -48240 -68200 0 0 0 -32950 -21310 -65720 0 0 143200 32950 21310 -65720 0 2244 -133300 0 105400 -164200 0 0 566100 0 0 155200 0 -2244 -133300 0 -105400 -164200 0 0 0 0 0 0 0 0 0 32950 -21310 -65720 30150 48240 -68200 0 0 143200 0 0 61510 -32950 21310 -65720 -30150 -48240 -68200 0 0 0 0 0 0 0 0 0 0 0 0 0 0 0 0 0 0 0 0 0 0 0 0 0 0 0 
0 0 0 0 0 0 0 0 0 0 0 0 0 0 0 0 0 0 0 0 0 0 0 0 0 0 0 -70820 0 -65910 -39710 30150 -30150 444 0 0 -70820 65910 0 -70820 0 65910 -39710 30150 30150 -39710 -30150 -30150 -70820 -65910 0 -39710 -30150 30150 -28270 0 0 33960 0 0 33960 0 0 860700 0 0 -28270 0 0 33960 0 0 -28270 0 0 33960 0 0 -28270 0 0 -39710 30150 30150 -70820 0 65910 -70820 65910 0 444 0 0 -39710 30150 -30150 -70820 0 -65910 -39710 -30150 30150 -70820 -65910 0 -39710 -30150 -30150 0 0 0 0 0 0 0 0 0 0 0 0 0 0 0 0 0 0 
0 0 0 0 0 0 0 0 0 0 0 0 0 0 0 0 0 0 0 0 0 0 0 0 0 0 0 0 61510 0 30150 -68200 48240 0 286400 0 65910 -131400 0 0 61510 0 30150 -68200 -48240 -30150 -68200 -48240 -65910 -131400 0 -30150 -68200 48240 0 -164200 -105400 0 155200 0 0 -266600 0 0 1.132e+06 0 0 -164200 105400 0 155200 0 0 -164200 105400 0 -266600 0 0 -164200 -105400 30150 -68200 -48240 0 61510 0 65910 -131400 0 0 286400 0 30150 -68200 48240 0 61510 0 -30150 -68200 48240 -65910 -131400 0 -30150 -68200 -48240 0 0 0 0 0 0 0 0 0 0 0 0 0 0 0 0 0 0 
0 0 0 0 0 0 0 0 0 0 0 0 0 0 0 0 0 0 0 0 0 0 0 0 0 0 0 -65910 0 -131400 -30150 48240 -68200 0 0 286400 0 0 61510 65910 0 -131400 30150 -48240 -68200 -30150 -48240 -68200 0 0 61510 30150 48240 -68200 0 -105400 -164200 0 0 -266600 0 0 155200 0 0 1.132e+06 0 105400 -164200 0 0 -266600 0 105400 -164200 0 0 155200 0 -105400 -164200 30150 -48240 -68200 65910 0 -131400 0 0 61510 0 0 286400 -30150 48240 -68200 -65910 0 -131400 30150 48240 -68200 0 0 61510 -30150 -48240 -68200 0 0 0 0 0 0 0 0 0 0 0 0 0 0 0 0 0 0 
0 0 0 0 0 0 0 0 0 0 0 0 0 0 0 0 0 0 0 0 0 0 0 0 0 0 0 0 0 0 0 0 0 -39710 30150 -30150 0 0 0 -35410 32950 13320 0 0 0 0 0 0 -35410 -13320 -32950 111 701.1 -701.1 0 0 0 0 0 0 16980 0 0 -28270 0 0 215200 0 0 16980 0 0 0 0 0 0 0 0 0 0 0 0 0 0 0 0 0 -35410 13320 32950 -39710 -30150 30150 111 -701.1 701.1 -35410 -32950 -13320 0 0 0 0 0 0 0 0 0 0 0 0 0 0 0 0 0 0 0 0 0 0 0 0 0 0 0 
0 0 0 0 0 0 0 0 0 0 0 0 0 0 0 0 0 0 0 0 0 0 0 0 0 0 0 0 0 0 0 0 0 30150 -68200 48240 0 0 0 32950 -65720 -21310 0 0 0 0 0 0 13320 30760 21310 -701.1 71610 -48240 0 0 0 0 0 0 0 77590 -2244 0 -164200 105400 0 283100 -105400 0 -133300 2244 0 0 0 0 0 0 0 0 0 0 0 0 0 0 0 -13320 30760 21310 -30150 -68200 48240 701.1 71610 -48240 -32950 -65720 -21310 0 0 0 0 0 0 0 0 0 0 0 0 0 0 0 0 0 0 0 0 0 0 0 0 0 0 0 
0 0 0 0 0 0 0 0 0 0 0 0 0 0 0 0 0 0 0 0 0 0 0 0 0 0 0 0 0 0 0 0 0 -30150 48240 -68200 0 0 0 -13320 21310 30760 0 0 0 0 0 0 -32950 -21310 -65720 701.1 -48240 71610 0 0 0 0 0 0 0 2244 -133300 0 105400 -164200 0 -105400 283100 0 -2244 77590 0 0 0 0 0 0 0 0 0 0 0 0 0 0 0 32950 -21310 -65720 30150 48240 -68200 -701.1 -48240 71610 13320 21310 30760 0 0 0 0 0 0 0 0 0 0 0 0 0 0 0 0 0 0 0 0 0 0 0 0 0 0 0 
0 0 0 0 0 0 0 0 0 0 0 0 0 0 0 0 0 0 0 0 0 0 0 0 0 0 0 0 0 0 0 0 0 -70820 0 -65910 -39710 30150 -30150 222 0 -1402 -35410 32950 13320 0 0 0 -39710 -30150 -30150 -35410 -32950 13320 0 0 0 0 0 0 -28270 0 0 33960 0 0 16980 0 0 430300 0 0 0 0 0 -28270 0 0 16980 0 0 0 0 0 0 0 0 -39710 30150 30150 -70820 0 65910 -35410 32950 -13320 222 0 1402 0 0 0 -39710 -30150 30150 -35410 -32950 -13320 0 0 0 0 0 0 0 0 0 0 0 0 0 0 0 0 0 0 
0 0 0 0 0 0 0 0 0 0 0 0 0 0 0 0 0 0 0 0 0 0 0 0 0 0 0 0 0 0 0 0 0 0 61510 0 30150 -68200 48240 0 143200 0 32950 -65720 -21310 0 0 0 -30150 -68200 -48240 -32950 -65720 21310 0 0 0 0 0 0 0 -164200 -105400 0 155200 0 0 -133300 -2244 0 566100 0 0 0 0 0 -164200 105400 0 -133300 2244 0 0 0 0 0 0 30150 -68200 -48240 0 61510 0 32950 -65720 21310 0 143200 0 0 0 0 -30150 -68200 48240 -32950 -65720 -21310 0 0 0 0 0 0 0 0 0 0 0 0 0 0 0 0 0 0 
0 0 0 0 0 0 0 0 0 0 0 0 0 0 0 0 0 0 0 0 0 0 0 0 0 0 0 0 0 0 0 0 0 -65910 0 -131400 -30150 48240 -68200 1402 0 143200 -13320 21310 30760 0 0 0 -30150 -48240 -68200 -13320 -21310 30760 0 0 0 0 0 0 0 -105400 -164200 0 0 -266600 0 2244 77590 0 0 566100 0 0 0 0 105400 -164200 0 -2244 77590 0 0 0 0 0 0 30150 -48240 -68200 65910 0 -131400 13320 -21310 30760 -1402 0 143200 0 0 0 30150 48240 -68200 13320 21310 30760 0 0 0 0 0 0 0 0 0 0 0 0 0 0 0 0 0 0 
0 0 0 0 0 0 0 0 0 0 0 0 0 0 0 0 0 0 0 0 0 0 0 0 0 0 0 -35410 -32950 -13320 111 -701.1 701.1 -39710 -30150 30150 -35410 13320 32950 0 0 0 0 0 0 0 0 0 0 0 0 0 0 0 0 0 0 16980 0 0 0 0 0 -28270 0 0 0 0 0 0 0 0 215200 0 0 16980 0 0 0 0 0 0 0 0 -35410 32950 13320 0 0 0 -39710 30150 -30150 0 0 0 0 0 0 111 701.1 -701.1 -35410 -13320 -32950 0 0 0 0 0 0 0 0 0 0 0 0 0 0 0 0 0 0 0 0 0 
0 0 0 0 0 0 0 0 0 0 0 0 0 0 0 0 0 0 0 0 0 0 0 0 0 0 0 -32950 -65720 -21310 701.1 71610 -48240 -30150 -68200 48240 -13320 30760 21310 0 0 0 0 0 0 0 0 0 0 0 0 0 0 0 0 0 0 0 -133300 2244 0 0 0 0 -164200 105400 0 0 0 0 0 0 0 283100 -105400 0 77590 -2244 0 0 0 0 0 0 32950 -65720 -21310 0 0 0 30150 -68200 48240 0 0 0 0 0 0 -701.1 71610 -48240 13320 30760 21310 0 0 0 0 0 0 0 0 0 0 0 0 0 0 0 0 0 0 0 0 0 
0 0 0 0 0 0 0 0 0 0 0 0 0 0 0 0 0 0 0 0 0 0 0 0 0 0 0 13320 21310 30760 -701.1 -48240 71610 30150 48240 -68200 32950 -21310 -65720 0 0 0 0 0 0 0 0 0 0 0 0 0 0 0 0 0 0 0 -2244 77590 0 0 0 0 105400 -164200 0 0 0 0 0 0 0 -105400 283100 0 2244 -133300 0 0 0 0 0 0 -13320 21310 30760 0 0 0 -30150 48240 -68200 0 0 0 0 0 0 701.1 -48240 71610 -32950 -21310 -65720 0 0 0 0 0 0 0 0 0 0 0 0 0 0 0 0 0 0 0 0 0 
0 0 0 0 0 0 0 0 0 0 0 0 0 0 0 0 0 0 0 0 0 0 0 0 0 0 0 -39710 -30150 -30150 -35410 13320 -32950 -70820 -65910 0 222 -1402 0 -39710 -30150 30150 -35410 13320 32950 0 0 0 0 0 0 0 0 0 0 0 0 -28270 0 0 0 0 0 33960 0 0 0 0 0 -28270 0 0 16980 0 0 430300 0 0 16980 0 0 0 0 0 -39710 30150 30150 0 0 0 -70820 65910 0 0 0 0 -39710 30150 -30150 -35410 -13320 32950 222 1402 0 -35410 -13320 -32950 0 0 0 0 0 0 0 0 0 0 0 0 0 0 0 0 0 0 
0 0 0 0 0 0 0 0 0 0 0 0 0 0 0 0 0 0 0 0 0 0 0 0 0 0 0 -30150 -68200 -48240 -13320 30760 -21310 -65910 -131400 0 1402 143200 0 -30150 -68200 48240 -13320 30760 21310 0 0 0 0 0 0 0 0 0 0 0 0 0 -164200 -105400 0 0 0 0 -266600 0 0 0 0 0 -164200 105400 0 77590 2244 0 566100 0 0 77590 -2244 0 0 0 30150 -68200 -48240 0 0 0 65910 -131400 0 0 0 0 30150 -68200 48240 13320 30760 -21310 -1402 143200 0 13320 30760 21310 0 0 0 0 0 0 0 0 0 0 0 0 0 0 0 0 0 0 
0 0 0 0 0 0 0 0 0 0 0 0 0 0 0 0 0 0 0 0 0 0 0 0 0 0 0 -30150 -48240 -68200 -32950 21310 -65720 0 0 61510 0 0 143200 30150 48240 -68200 32950 -21310 -65720 0 0 0 0 0 0 0 0 0 0 0 0 0 -105400 -164200 0 0 0 0 0 155200 0 0 0 0 105400 -164200 0 -2244 -133300 0 0 566100 0 2244 -133300 0 0 0 30150 -48240 -68200 0 0 0 0 0 61510 0 0 0 -30150 48240 -68200 32950 21310 -65720 0 0 143200 -32950 -21310 -65720 0 0 0 0 0 0 0 0 0 0 0 0 0 0 0 0 0 0 
0 0 0 0 0 0 0 0 0 0 0 0 0 0 0 0 0 0 0 0 0 0 0 0 0 0 0 0 0 0 0 0 0 -39710 -30150 -30150 -35410 13320 -32950 -35410 -32950 13320 111 -701.1 -701.1 0 0 0 0 0 0 0 0 0 0 0 0 0 0 0 0 0 0 -28270 0 0 0 0 0 16980 0 0 0 0 0 16980 0 0 215200 0 0 0 0 0 0 0 0 0 0 0 -39710 30150 30150 0 0 0 -35410 32950 -13320 0 0 0 -35410 -13320 32950 111 701.1 701.1 0 0 0 0 0 0 0 0 0 0 0 0 0 0 0 0 0 0 
0 0 0 0 0 0 0 0 0 0 0 0 0 0 0 0 0 0 0 0 0 0 0 0 0 0 0 0 0 0 0 0 0 -30150 -68200 -48240 -13320 30760 -21310 -32950 -65720 21310 701.1 71610 48240 0 0 0 0 0 0 0 0 0 0 0 0 0 0 0 0 0 0 0 -164200 -105400 0 0 0 0 -133300 -2244 0 0 0 0 77590 2244 0 283100 105400 0 0 0 0 0 0 0 0 0 30150 -68200 -48240 0 0 0 32950 -65720 21310 0 0 0 13320 30760 -21310 -701.1 71610 48240 0 0 0 0 0 0 0 0 0 0 0 0 0 0 0 0 0 0 
0 0 0 0 0 0 0 0 0 0 0 0 0 0 0 0 0 0 0 0 0 0 0 0 0 0 0 0 0 0 0 0 0 -30150 -48240 -68200 -32950 21310 -65720 -13320 -21310 30760 701.1 48240 71610 0 0 0 0 0 0 0 0 0 0 0 0 0 0 0 0 0 0 0 -105400 -164200 0 0 0 0 2244 77590 0 0 0 0 -2244 -133300 0 105400 283100 0 0 0 0 0 0 0 0 0 30150 -48240 -68200 0 0 0 13320 -21310 30760 0 0 0 32950 21310 -65720 -701.1 48240 71610 0 0 0 0 0 0 0 0 0 0 0 0 0 0 0 0 0 0 
0 0 0 0 0 0 0 0 0 0 0 0 0 0 0 0 0 0 0 0 0 0 0 0 0 0 0 0 0 0 0 0 0 0 0 0 0 0 0 0 0 0 0 0 0 0 0 0 0 0 0 0 0 0 111 701.1 701.1 -35410 32950 -13320 -35410 -13320 32950 -39710 30150 30150 0 0 0 0 0 0 0 0 0 0 0 0 0 0 0 215200 0 0 16980 0 0 16980 0 0 -28270 0 0 0 0 0 0 0 0 0 0 0 0 0 0 0 0 0 111 -701.1 -35410 13320 -35410 -32950 -39710 -30150 0 0 0 0 0 0 0 0 0 0 
0 0 0 0 0 0 0 0 0 0 0 0 0 0 0 0 0 0 0 0 0 0 0 0 0 0 0 0 0 0 0 0 0 0 0 0 0 0 0 0 0 0 0 0 0 0 0 0 0 0 0 0 0 0 -701.1 71610 48240 32950 -65720 21310 13320 30760 -21310 30150 -68200 -48240 0 0 0 0 0 0 0 0 0 0 0 0 0 0 0 0 283100 105400 0 -133300 -2244 0 77590 2244 0 -164200 -105400 0 0 0 0 0 0 0 0 0 0 0 0 0 0 0 701.1 48240 -32950 21310 -13320 -21310 -30150 -48240 0 0 0 0 0 0 0 0 0 0 
0 0 0 0 0 0 0 0 0 0 0 0 0 0 0 0 0 0 0 0 0 0 0 0 0 0 0 0 0 0 0 0 0 0 0 0 0 0 0 0 0 0 0 0 0 0 0 0 0 0 0 0 0 0 -701.1 48240 71610 13320 -21310 30760 32950 21310 -65720 30150 -48240 -68200 0 0 0 0 0 0 0 0 0 0 0 0 0 0 0 0 105400 283100 0 2244 77590 0 -2244 -133300 0 -105400 -164200 0 0 0 0 0 0 0 0 0 0 0 0 0 0 0 701.1 71610 -13320 30760 -32950 -65720 -30150 -68200 0 0 0 0 0 0 0 0 0 0 
0 0 0 0 0 0 0 0 0 0 0 0 0 0 0 0 0 0 0 0 0 0 0 0 0 0 0 0 0 0 0 0 0 0 0 0 0 0 0 0 0 0 0 0 0 0 0 0 0 0 0 0 0 0 -35410 -32950 -13320 222 0 1402 -39710 -30150 30150 -70820 0 65910 0 0 0 0 0 0 -35410 32950 -13320 -39710 30150 30150 0 0 0 16980 0 0 430300 0 0 -28270 0 0 33960 0 0 0 0 0 0 0 0 16980 0 0 -28270 0 0 0 0 0 -35410 13320 222 -1402 -39710 -30150 -70820 -65910 0 0 0 0 -35410 13320 -39710 -30150 0 0 
0 0 0 0 0 0 0 0 0 0 0 0 0 0 0 0 0 0 0 0 0 0 0 0 0 0 0 0 0 0 0 0 0 0 0 0 0 0 0 0 0 0 0 0 0 0 0 0 0 0 0 0 0 0 -32950 -65720 -21310 0 143200 0 -30150 -68200 48240 0 61510 0 0 0 0 0 0 0 32950 -65720 21310 30150 -68200 -48240 0 0 0 0 -133300 2244 0 566100 0 0 -164200 105400 0 155200 0 0 0 0 0 0 0 0 -133300 -2244 0 -164200 -105400 0 0 0 32950 -21310 0 0 30150 48240 0 0 0 0 0 0 -32950 21310 -30150 -48240 0 0 
0 0 0 0 0 0 0 0 0 0 0 0 0 0 0 0 0 0 0 0 0 0 0 0 0 0 0 0 0 0 0 0 0 0 0 0 0 0 0 0 0 0 0 0 0 0 0 0 0 0 0 0 0 0 13320 21310 30760 -1402 0 143200 30150 48240 -68200 65910 0 -131400 0 0 0 0 0 0 13320 -21310 30760 30150 -48240 -68200 0 0 0 0 -2244 77590 0 0 566100 0 105400 -164200 0 0 -266600 0 0 0 0 0 0 0 2244 77590 0 -105400 -164200 0 0 0 -13320 30760 1402 143200 -30150 -68200 -65910 -131400 0 0 0 0 -13320 30760 -30150 -68200 0 0 
0 0 0 0 0 0 0 0 0 0 0 0 0 0 0 0 0 0 0 0 0 0 0 0 0 0 0 0 0 0 0 0 0 0 0 0 0 0 0 0 0 0 0 0 0 0 0 0 0 0 0 0 0 0 -35410 -13320 -32950 -39710 30150 -30150 222 1402 0 -70820 65910 0 -35410 -13320 32950 -39710 30150 30150 0 0 0 0 0 0 0 0 0 16980 0 0 -28270 0 0 430300 0 0 33960 0 0 16980 0 0 -28270 0 0 0 0 0 0 0 0 0 0 0 -35410 32950 -39710 30150 222 0 -70820 0 -35410 -32950 -39710 -30150 0 0 0 0 0 0 
0 0 0 0 0 0 0 0 0 0 0 0 0 0 0 0 0 0 0 0 0 0 0 0 0 0 0 0 0 0 0 0 0 0 0 0 0 0 0 0 0 0 0 0 0 0 0 0 0 0 0 0 0 0 13320 30760 21310 30150 -68200 48240 -1402 143200 0 65910 -131400 0 13320 30760 -21310 30150 -68200 -48240 0 0 0 0 0 0 0 0 0 0 77590 -2244 0 -164200 105400 0 566100 0 0 -266600 0 0 77590 2244 0 -164200 -105400 0 0 0 0 0 0 0 0 0 -13320 21310 -30150 48240 1402 0 -65910 0 -13320 -21310 -30150 -48240 0 0 0 0 0 0 
0 0 0 0 0 0 0 0 0 0 0 0 0 0 0 0 0 0 0 0 0 0 0 0 0 0 0 0 0 0 0 0 0 0 0 0 0 0 0 0 0 0 0 0 0 0 0 0 0 0 0 0 0 0 -32950 -21310 -65720 -30150 48240 -68200 0 0 143200 0 0 61510 32950 21310 -65720 30150 -48240 -68200 0 0 0 0 0 0 0 0 0 0 2244 -133300 0 105400 -164200 0 0 566100 0 0 155200 0 -2244 -133300 0 -105400 -164200 0 0 0 0 0 0 0 0 0 32950 -65720 30150 -68200 0 143200 0 61510 -32950 -65720 -30150 -68200 0 0 0 0 0 0 
0 0 0 0 0 0 0 0 0 0 0 0 0 0 0 0 0 0 0 0 0 0 0 0 0 0 0 0 0 0 0 0 0 0 0 0 0 0 0 0 0 0 0 0 0 0 0 0 0 0 0 0 0 0 -39710 -30150 -30150 -70820 0 -65910 -70820 -65910 0 444 0 0 -39710 -30150 30150 -70820 0 65910 -39710 30150 -30150 -70820 65910 0 -39710 30150 30150 -28270 0 0 33960 0 0 33960 0 0 860700 0 0 -28270 0 0 33960 0 0 -28270 0 0 33960 0 0 -28270 0 0 -39710 30150 -70820 65910 -70820 0 444 0 -39710 -30150 -70820 -65910 -39710 30150 -70820 0 -39710 -30150 
0 0 0 0 0 0 0 0 0 0 0 0 0 0 0 0 0 0 0 0 0 0 0 0 0 0 0 0 0 0 0 0 0 0 0 0 0 0 0 0 0 0 0 0 0 0 0 0 0 0 0 0 0 0 -30150 -68200 -48240 0 61510 0 -65910 -131400 0 0 286400 0 -30150 -68200 48240 0 61510 0 30150 -68200 48240 65910 -131400 0 30150 -68200 -48240 0 -164200 -105400 0 155200 0 0 -266600 0 0 1.132e+06 0 0 -164200 105400 0 155200 0 0 -164200 105400 0 -266600 0 0 -164200 -105400 30150 -48240 0 0 65910 0 0 0 30150 48240 0 0 -30150 48240 -65910 0 -30150 -48240 
0 0 0 0 0 0 0 0 0 0 0 0 0 0 0 0 0 0 0 0 0 0 0 0 0 0 0 0 0 0 0 0 0 0 0 0 0 0 0 0 0 0 0 0 0 0 0 0 0 0 0 0 0 0 -30150 -48240 -68200 -65910 0 -131400 0 0 61510 0 0 286400 30150 48240 -68200 65910 0 -131400 -30150 48240 -68200 0 0 61510 30150 -48240 -68200 0 -105400 -164200 0 0 -266600 0 0 155200 0 0 1.132e+06 0 105400 -164200 0 0 -266600 0 105400 -164200 0 0 155200 0 -105400 -164200 30150 -68200 65910 -131400 0 61510 0 286400 -30150 -68200 -65910 -131400 30150 -68200 0 61510 -30150 -68200 
0 0 0 0 0 0 0 0 0 0 0 0 0 0 0 0 0 0 0 0 0 0 0 0 0 0 0 0 0 0 0 0 0 0 0 0 0 0 0 0 0 0 0 0 0 0 0 0 0 0 0 0 0 0 0 0 0 0 0 0 -35410 -13320 -32950 -39710 30150 -30150 111 701.1 -701.1 -35410 32950 13320 0 0 0 0 0 0 0 0 0 0 0 0 0 0 0 16980 0 0 -28270 0 0 215200 0 0 16980 0 0 0 0 0 0 0 0 0 0 0 0 0 0 0 -35410 32950 -39710 30150 111 701.1 -35410 -13320 0 0 0 0 0 0 
0 0 0 0 0 0 0 0 0 0 0 0 0 0 0 0 0 0 0 0 0 0 0 0 0 0 0 0 0 0 0 0 0 0 0 0 0 0 0 0 0 0 0 0 0 0 0 0 0 0 0 0 0 0 0 0 0 0 0 0 13320 30760 21310 30150 -68200 48240 -701.1 71610 -48240 32950 -65720 -21310 0 0 0 0 0 0 0 0 0 0 0 0 0 0 0 0 77590 -2244 0 -164200 105400 0 283100 -105400 0 -133300 2244 0 0 0 0 0 0 0 0 0 0 0 0 0 -13320 21310 -30150 48240 701.1 -48240 -32950 -21310 0 0 0 0 0 0 
0 0 0 0 0 0 0 0 0 0 0 0 0 0 0 0 0 0 0 0 0 0 0 0 0 0 0 0 0 0 0 0 0 0 0 0 0 0 0 0 0 0 0 0 0 0 0 0 0 0 0 0 0 0 0 0 0 0 0 0 -32950 -21310 -65720 -30150 48240 -68200 701.1 -48240 71610 -13320 21310 30760 0 0 0 0 0 0 0 0 0 0 0 0 0 0 0 0 2244 -133300 0 105400 -164200 0 -105400 283100 0 -2244 77590 0 0 0 0 0 0 0 0 0 0 0 0 0 32950 -65720 30150 -68200 -701.1 71610 13320 30760 0 0 0 0 0 0 
0 0 0 0 0 0 0 0 0 0 0 0 0 0 0 0 0 0 0 0 0 0 0 0 0 0 0 0 0 0 0 0 0 0 0 0 0 0 0 0 0 0 0 0 0 0 0 0 0 0 0 0 0 0 0 0 0 0 0 0 -39710 -30150 -30150 -70820 0 -65910 -35410 -32950 13320 222 0 -1402 0 0 0 -39710 30150 -30150 -35410 32950 13320 0 0 0 0 0 0 -28270 0 0 33960 0 0 16980 0 0 430300 0 0 0 0 0 -28270 0 0 16980 0 0 0 0 0 0 -39710 30150 -70820 65910 -35410 -13320 222 1402 0 0 -39710 30150 -35410 -13320 
0 0 0 0 0 0 0 0 0 0 0 0 0 0 0 0 0 0 0 0 0 0 0 0 0 0 0 0 0 0 0 0 0 0 0 0 0 0 0 0 0 0 0 0 0 0 0 0 0 0 0 0 0 0 0 0 0 0 0 0 -30150 -68200 -48240 0 61510 0 -32950 -65720 21310 0 143200 0 0 0 0 30150 -68200 48240 32950 -65720 -21310 0 0 0 0 0 0 0 -164200 -105400 0 155200 0 0 -133300 -2244 0 566100 0 0 0 0 0 -164200 105400 0 -133300 2244 0 0 0 0 30150 -48240 0 0 32950 21310 0 0 0 0 -30150 48240 -32950 -21310 
0 0 0 0 0 0 0 0 0 0 0 0 0 0 0 0 0 0 0 0 0 0 0 0 0 0 0 0 0 0 0 0 0 0 0 0 0 0 0 0 0 0 0 0 0 0 0 0 0 0 0 0 0 0 0 0 0 0 0 0 -30150 -48240 -68200 -65910 0 -131400 -13320 -21310 30760 1402 0 143200 0 0 0 -30150 48240 -68200 -13320 21310 30760 0 0 0 0 0 0 0 -105400 -164200 0 0 -266600 0 2244 77590 0 0 566100 0 0 0 0 105400 -164200 0 -2244 77590 0 0 0 0 30150 -68200 65910 -131400 13320 30760 -1402 143200 0 0 30150 -68200 13320 30760 
0 0 0 0 0 0 0 0 0 0 0 0 0 0 0 0 0 0 0 0 0 0 0 0 0 0 0 0 0 0 0 0 0 0 0 0 0 0 0 0 0 0 0 0 0 0 0 0 0 0 0 0 0 0 0 0 0 -35410 -32950 -13320 0 0 0 -39710 -30150 30150 0 0 0 0 0 0 111 -701.1 701.1 -35410 13320 32950 0 0 0 0 0 0 16980 0 0 0 0 0 -28270 0 0 0 0 0 0 0 0 215200 0 0 16980 0 0 0 0 0 0 0 -35410 13320 0 0 -39710 -30150 0 0 0 0 111 -701.1 -35410 -32950 0 0 
0 0 0 0 0 0 0 0 0 0 0 0 0 0 0 0 0 0 0 0 0 0 0 0 0 0 0 0 0 0 0 0 0 0 0 0 0 0 0 0 0 0 0 0 0 0 0 0 0 0 0 0 0 0 0 0 0 -32950 -65720 -21310 0 0 0 -30150 -68200 48240 0 0 0 0 0 0 701.1 71610 -48240 -13320 30760 21310 0 0 0 0 0 0 0 -133300 2244 0 0 0 0 -164200 105400 0 0 0 0 0 0 0 283100 -105400 0 77590 -2244 0 0 0 0 0 32950 -21310 0 0 30150 48240 0 0 0 0 -701.1 -48240 13320 21310 0 0 
0 0 0 0 0 0 0 0 0 0 0 0 0 0 0 0 0 0 0 0 0 0 0 0 0 0 0 0 0 0 0 0 0 0 0 0 0 0 0 0 0 0 0 0 0 0 0 0 0 0 0 0 0 0 0 0 0 13320 21310 30760 0 0 0 30150 48240 -68200 0 0 0 0 0 0 -701.1 -48240 71610 32950 -21310 -65720 0 0 0 0 0 0 0 -2244 77590 0 0 0 0 105400 -164200 0 0 0 0 0 0 0 -105400 283100 0 2244 -133300 0 0 0 0 0 -13320 30760 0 0 -30150 -68200 0 0 0 0 701.1 71610 -32950 -65720 0 0 
0 0 0 0 0 0 0 0 0 0 0 0 0 0 0 0 0 0 0 0 0 0 0 0 0 0 0 0 0 0 0 0 0 0 0 0 0 0 0 0 0 0 0 0 0 0 0 0 0 0 0 0 0 0 0 0 0 -39710 -30150 -30150 0 0 0 -70820 -65910 0 0 0 0 -39710 -30150 30150 -35410 13320 -32950 222 -1402 0 -35410 13320 32950 0 0 0 -28270 0 0 0 0 0 33960 0 0 0 0 0 -28270 0 0 16980 0 0 430300 0 0 16980 0 0 0 0 -39710 30150 0 0 -70820 0 0 0 -39710 -30150 -35410 32950 222 0 -35410 -32950 
0 0 0 0 0 0 0 0 0 0 0 0 0 0 0 0 0 0 0 0 0 0 0 0 0 0 0 0 0 0 0 0 0 0 0 0 0 0 0 0 0 0 0 0 0 0 0 0 0 0 0 0 0 0 0 0 0 -30150 -68200 -48240 0 0 0 -65910 -131400 0 0 0 0 -30150 -68200 48240 -13320 30760 -21310 1402 143200 0 -13320 30760 21310 0 0 0 0 -164200 -105400 0 0 0 0 -266600 0 0 0 0 0 -164200 105400 0 77590 2244 0 566100 0 0 77590 -2244 0 0 30150 -48240 0 0 65910 0 0 0 30150 48240 13320 -21310 -1402 0 13320 21310 
0 0 0 0 0 0 0 0 0 0 0 0 0 0 0 0 0 0 0 0 0 0 0 0 0 0 0 0 0 0 0 0 0 0 0 0 0 0 0 0 0 0 0 0 0 0 0 0 0 0 0 0 0 0 0 0 0 -30150 -48240 -68200 0 0 0 0 0 61510 0 0 0 30150 48240 -68200 -32950 21310 -65720 0 0 143200 32950 -21310 -65720 0 0 0 0 -105400 -164200 0 0 0 0 0 155200 0 0 0 0 105400 -164200 0 -2244 -133300 0 0 566100 0 2244 -133300 0 0 30150 -68200 0 0 0 61510 0 0 -30150 -68200 32950 -65720 0 143200 -32950 -65720 
0 0 0 0 0 0 0 0 0 0 0 0 0 0 0 0 0 0 0 0 0 0 0 0 0 0 0 0 0 0 0 0 0 0 0 0 0 0 0 0 0 0 0 0 0 0 0 0 0 0 0 0 0 0 0 0 0 0 0 0 0 0 0 -39710 -30150 -30150 0 0 0 -35410 -32950 13320 0 0 0 -35410 13320 -32950 111 -701.1 -701.1 0 0 0 0 0 0 0 0 0 -28270 0 0 0 0 0 16980 0 0 0 0 0 16980 0 0 215200 0 0 0 0 0 0 0 0 -39710 30150 0 0 -35410 -13320 0 0 -35410 32950 111 701.1 
0 0 0 0 0 0 0 0 0 0 0 0 0 0 0 0 0 0 0 0 0 0 0 0 0 0 0 0 0 0 0 0 0 0 0 0 0 0 0 0 0 0 0 0 0 0 0 0 0 0 0 0 0 0 0 0 0 0 0 0 0 0 0 -30150 -68200 -48240 0 0 0 -32950 -65720 21310 0 0 0 -13320 30760 -21310 701.1 71610 48240 0 0 0 0 0 0 0 0 0 0 -164200 -105400 0 0 0 0 -133300 -2244 0 0 0 0 77590 2244 0 283100 105400 0 0 0 0 0 0 30150 -48240 0 0 32950 21310 0 0 13320 -21310 -701.1 48240 
0 0 0 0 0 0 0 0 0 0 0 0 0 0 0 0 0 0 0 0 0 0 0 0 0 0 0 0 0 0 0 0 0 0 0 0 0 0 0 0 0 0 0 0 0 0 0 0 0 0 0 0 0 0 0 0 0 0 0 0 0 0 0 -30150 -48240 -68200 0 0 0 -13320 -21310 30760 0 0 0 -32950 21310 -65720 701.1 48240 71610 0 0 0 0 0 0 0 0 0 0 -105400 -164200 0 0 0 0 2244 77590 0 0 0 0 -2244 -133300 0 105400 283100 0 0 0 0 0 0 30150 -68200 0 0 13320 30760 0 0 32950 -65720 -701.1 71610 
0 0 0 0 0 0 0 0 0 0 0 0 0 0 0 0 0 0 0 0 0 0 0 0 0 0 0 0 0 0 0 0 0 0 0 0 0 0 0 0 0 0 0 0 0 0 0 0 0 0 0 0 0 0 0 0 0 0 0 0 0 0 0 0 0 0 0 0 0 0 0 0 0 0 0 0 0 0 0 0 0 111 701.1 701.1 -35410 32950 -13320 -35410 -13320 32950 -39710 30150 30150 0 0 0 0 0 0 0 0 0 0 0 0 0 0 0 107600 -32950 8489 -30150 8489 -701.1 -14130 13320 0 0 0 0 0 0 0 0 0 0 
0 0 0 0 0 0 0 0 0 0 0 0 0 0 0 0 0 0 0 0 0 0 0 0 0 0 0 0 0 0 0 0 0 0 0 0 0 0 0 0 0 0 0 0 0 0 0 0 0 0 0 0 0 0 0 0 0 0 0 0 0 0 0 0 0 0 0 0 0 0 0 0 0 0 0 0 0 0 0 0 0 -701.1 48240 71610 13320 -21310 30760 32950 21310 -65720 30150 -48240 -68200 0 0 0 0 0 0 0 0 0 0 0 0 0 0 0 -32950 141500 -30150 38800 701.1 -66650 -13320 -82120 0 0 0 0 0 0 0 0 0 0 
0 0 0 0 0 0 0 0 0 0 0 0 0 0 0 0 0 0 0 0 0 0 0 0 0 0 0 0 0 0 0 0 0 0 0 0 0 0 0 0 0 0 0 0 0 0 0 0 0 0 0 0 0 0 0 0 0 0 0 0 0 0 0 0 0 0 0 0 0 0 0 0 0 0 0 0 0 0 0 0 0 -35410 -32950 -13320 222 0 1402 -39710 -30150 30150 -70820 0 65910 0 0 0 0 0 0 -35410 32950 -13320 -39710 30150 30150 0 0 0 8489 -30150 215200 -65910 -14130 13320 16980 -1402 0 0 0 0 8489 -30150 -14130 13320 0 0 
0 0 0 0 0 0 0 0 0 0 0 0 0 0 0 0 0 0 0 0 0 0 0 0 0 0 0 0 0 0 0 0 0 0 0 0 0 0 0 0 0 0 0 0 0 0 0 0 0 0 0 0 0 0 0 0 0 0 0 0 0 0 0 0 0 0 0 0 0 0 0 0 0 0 0 0 0 0 0 0 0 13320 21310 30760 -1402 0 143200 30150 48240 -68200 65910 0 -131400 0 0 0 0 0 0 13320 -21310 30760 30150 -48240 -68200 0 0 0 -30150 38800 -65910 283100 -13320 -82120 1402 -133300 0 0 0 0 -30150 38800 -13320 -82120 0 0 
0 0 0 0 0 0 0 0 0 0 0 0 0 0 0 0 0 0 0 0 0 0 0 0 0 0 0 0 0 0 0 0 0 0 0 0 0 0 0 0 0 0 0 0 0 0 0 0 0 0 0 0 0 0 0 0 0 0 0 0 0 0 0 0 0 0 0 0 0 0 0 0 0 0 0 0 0 0 0 0 0 -35410 -13320 -32950 -39710 30150 -30150 222 1402 0 -70820 65910 0 -35410 -13320 32950 -39710 30150 30150 0 0 0 0 0 0 0 0 0 8489 701.1 -14130 -13320 215200 0 16980 0 8489 -701.1 -14130 13320 0 0 0 0 0 0 
0 0 0 0 0 0 0 0 0 0 0 0 0 0 0 0 0 0 0 0 0 0 0 0 0 0 0 0 0 0 0 0 0 0 0 0 0 0 0 0 0 0 0 0 0 0 0 0 0 0 0 0 0 0 0 0 0 0 0 0 0 0 0 0 0 0 0 0 0 0 0 0 0 0 0 0 0 0 0 0 0 -32950 -21310 -65720 -30150 48240 -68200 0 0 143200 0 0 61510 32950 21310 -65720 30150 -48240 -68200 0 0 0 0 0 0 0 0 0 -701.1 -66650 13320 -82120 0 283100 0 77590 701.1 -66650 -13320 -82120 0 0 0 0 0 0 
0 0 0 0 0 0 0 0 0 0 0 0 0 0 0 0 0 0 0 0 0 0 0 0 0 0 0 0 0 0 0 0 0 0 0 0 0 0 0 0 0 0 0 0 0 0 0 0 0 0 0 0 0 0 0 0 0 0 0 0 0 0 0 0 0 0 0 0 0 0 0 0 0 0 0 0 0 0 0 0 0 -39710 -30150 -30150 -70820 0 -65910 -70820 -65910 0 444 0 0 -39710 -30150 30150 -70820 0 65910 -39710 30150 -30150 -70820 65910 0 -39710 30150 30150 -14130 -13320 16980 1402 16980 0 430300 0 -14130 13320 16980 -1402 -14130 -13320 16980 0 -14130 13320 
0 0 0 0 0 0 0 0 0 0 0 0 0 0 0 0 0 0 0 0 0 0 0 0 0 0 0 0 0 0 0 0 0 0 0 0 0 0 0 0 0 0 0 0 0 0 0 0 0 0 0 0 0 0 0 0 0 0 0 0 0 0 0 0 0 0 0 0 0 0 0 0 0 0 0 0 0 0 0 0 0 -30150 -48240 -68200 -65910 0 -131400 0 0 61510 0 0 286400 30150 48240 -68200 65910 0 -131400 -30150 48240 -68200 0 0 61510 30150 -48240 -68200 13320 -82120 -1402 -133300 0 77590 0 566100 -13320 -82120 1402 -133300 13320 -82120 0 77590 -13320 -82120 
0 0 0 0 0 0 0 0 0 0 0 0 0 0 0 0 0 0 0 0 0 0 0 0 0 0 0 0 0 0 0 0 0 0 0 0 0 0 0 0 0 0 0 0 0 0 0 0 0 0 0 0 0 0 0 0 0 0 0 0 0 0 0 0 0 0 0 0 0 0 0 0 0 0 0 0 0 0 0 0 0 0 0 0 0 0 0 -35410 -13320 -32950 -39710 30150 -30150 111 701.1 -701.1 -35410 32950 13320 0 0 0 0 0 0 0 0 0 0 0 0 0 8489 701.1 -14130 -13320 107600 32950 8489 30150 0 0 0 0 0 0 
0 0 0 0 0 0 0 0 0 0 0 0 0 0 0 0 0 0 0 0 0 0 0 0 0 0 0 0 0 0 0 0 0 0 0 0 0 0 0 0 0 0 0 0 0 0 0 0 0 0 0 0 0 0 0 0 0 0 0 0 0 0 0 0 0 0 0 0 0 0 0 0 0 0 0 0 0 0 0 0 0 0 0 0 0 0 0 -32950 -21310 -65720 -30150 48240 -68200 701.1 -48240 71610 -13320 21310 30760 0 0 0 0 0 0 0 0 0 0 0 0 0 -701.1 -66650 13320 -82120 32950 141500 30150 38800 0 0 0 0 0 0 
0 0 0 0 0 0 0 0 0 0 0 0 0 0 0 0 0 0 0 0 0 0 0 0 0 0 0 0 0 0 0 0 0 0 0 0 0 0 0 0 0 0 0 0 0 0 0 0 0 0 0 0 0 0 0 0 0 0 0 0 0 0 0 0 0 0 0 0 0 0 0 0 0 0 0 0 0 0 0 0 0 0 0 0 0 0 0 -39710 -30150 -30150 -70820 0 -65910 -35410 -32950 13320 222 0 -1402 0 0 0 -39710 30150 -30150 -35410 32950 13320 0 0 0 0 -14130 -13320 16980 1402 8489 30150 215200 65910 0 0 -14130 -13320 8489 30150 
0 0 0 0 0 0 0 0 0 0 0 0 0 0 0 0 0 0 0 0 0 0 0 0 0 0 0 0 0 0 0 0 0 0 0 0 0 0 0 0 0 0 0 0 0 0 0 0 0 0 0 0 0 0 0 0 0 0 0 0 0 0 0 0 0 0 0 0 0 0 0 0 0 0 0 0 0 0 0 0 0 0 0 0 0 0 0 -30150 -48240 -68200 -65910 0 -131400 -13320 -21310 30760 1402 0 143200 0 0 0 -30150 48240 -68200 -13320 21310 30760 0 0 0 0 13320 -82120 -1402 -133300 30150 38800 65910 283100 0 0 13320 -82120 30150 38800 
0 0 0 0 0 0 0 0 0 0 0 0 0 0 0 0 0 0 0 0 0 0 0 0 0 0 0 0 0 0 0 0 0 0 0 0 0 0 0 0 0 0 0 0 0 0 0 0 0 0 0 0 0 0 0 0 0 0 0 0 0 0 0 0 0 0 0 0 0 0 0 0 0 0 0 0 0 0 0 0 0 0 0 0 -35410 -32950 -13320 0 0 0 -39710 -30150 30150 0 0 0 0 0 0 111 -701.1 701.1 -35410 13320 32950 0 0 0 0 0 8489 -30150 0 0 -14130 13320 0 0 0 0 107600 -32950 8489 -701.1 0 0 
0 0 0 0 0 0 0 0 0 0 0 0 0 0 0 0 0 0 0 0 0 0 0 0 0 0 0 0 0 0 0 0 0 0 0 0 0 0 0 0 0 0 0 0 0 0 0 0 0 0 0 0 0 0 0 0 0 0 0 0 0 0 0 0 0 0 0 0 0 0 0 0 0 0 0 0 0 0 0 0 0 0 0 0 13320 21310 30760 0 0 0 30150 48240 -68200 0 0 0 0 0 0 -701.1 -48240 71610 32950 -21310 -65720 0 0 0 0 0 -30150 38800 0 0 -13320 -82120 0 0 0 0 -32950 141500 701.1 -66650 0 0 
0 0 0 0 0 0 0 0 0 0 0 0 0 0 0 0 0 0 0 0 0 0 0 0 0 0 0 0 0 0 0 0 0 0 0 0 0 0 0 0 0 0 0 0 0 0 0 0 0 0 0 0 0 0 0 0 0 0 0 0 0 0 0 0 0 0 0 0 0 0 0 0 0 0 0 0 0 0 0 0 0 0 0 0 -39710 -30150 -30150 0 0 0 -70820 -65910 0 0 0 0 -39710 -30150 30150 -35410 13320 -32950 222 -1402 0 -35410 13320 32950 0 0 -14130 -13320 0 0 16980 0 0 0 -14130 13320 8489 701.1 215200 0 8489 -701.1 
0 0 0 0 0 0 0 0 0 0 0 0 0 0 0 0 0 0 0 0 0 0 0 0 0 0 0 0 0 0 0 0 0 0 0 0 0 0 0 0 0 0 0 0 0 0 0 0 0 0 0 0 0 0 0 0 0 0 0 0 0 0 0 0 0 0 0 0 0 0 0 0 0 0 0 0 0 0 0 0 0 0 0 0 -30150 -48240 -68200 0 0 0 0 0 61510 0 0 0 30150 48240 -68200 -32950 21310 -65720 0 0 143200 32950 -21310 -65720 0 0 13320 -82120 0 0 0 77590 0 0 -13320 -82120 -701.1 -66650 0 283100 701.1 -66650 
0 0 0 0 0 0 0 0 0 0 0 0 0 0 0 0 0 0 0 0 0 0 0 0 0 0 0 0 0 0 0 0 0 0 0 0 0 0 0 0 0 0 0 0 0 0 0 0 0 0 0 0 0 0 0 0 0 0 0 0 0 0 0 0 0 0 0 0 0 0 0 0 0 0 0 0 0 0 0 0 0 0 0 0 0 0 0 0 0 0 -39710 -30150 -30150 0 0 0 -35410 -32950 13320 0 0 0 -35410 13320 -32950 111 -701.1 -701.1 0 0 0 0 0 0 -14130 -13320 0 0 8489 30150 0 0 8489 701.1 107600 32950 
0 0 0 0 0 0 0 0 0 0 0 0 0 0 0 0 0 0 0 0 0 0 0 0 0 0 0 0 0 0 0 0 0 0 0 0 0 0 0 0 0 0 0 0 0 0 0 0 0 0 0 0 0 0 0 0 0 0 0 0 0 0 0 0 0 0 0 0 0 0 0 0 0 0 0 0 0 0 0 0 0 0 0 0 0 0 0 0 0 0 -30150 -48240 -68200 0 0 0 -13320 -21310 30760 0 0 0 -32950 21310 -65720 701.1 48240 71610 0 0 0 0 0 0 13320 -82120 0 0 30150 38800 0 0 -701.1 -66650 32950 141500 
