0.00000000023682211199
0.00000000034911460957
-0.00000298179128459278
-0.00000000004347466700
-0.00000000342887048375
0.00000000031101419664
0.00000001013697134850
0.00000004581559518616
-0.00000003565772473026
0.00000000029261240171
0.00000000259154332920
-0.00000004387696834125
-0.00000000000281492548
0.00000001764517618012
0.00000000097240286083
-0.00000000281650973881
0.99999999999251310001
0.00000244836893446011
-0.00000000022292910119
-0.00000000001086246269
-0.00000017900324708841
0.00000000013192602557
0.00000000022568893740
-0.00000000416224593898
0.00000000161339852017
0.00000007365738035874
-0.00000000037278128511
0.00000021344498918552
0.00000000000267699585
0.00000000000276429686
0.00000000000047208221
-0.00000000001100516839
