326.953915716936
5852.8337066948
7692.42032319475
9913.61871128828
11992.3647035449
34902.1140810892
36901.7876394021
38847.4650949605
58468.8488026093
71011.895492664
71211.6399322652
74377.599676369
85313.9264850977
89856.7185920783
93274.3230109096
95415.7674233632
97570.8984870159
98278.8591097272
104044.814524188
109776.496551506
109990.037527631
110316.641362159
113431.76763047
119963.253214016
125561.83401256
133029.801064273
145718.568464455
148919.099470928
152114.197591063
152985.809279873
156857.182057491
156957.500383568
160908.099855914
164765.074016792
171310.825911973
172435.064782436
181148.31937379
185068.408255888
186815.211692303
187603.339706066
188609.345456019
188837.426336682
191471.963160854
193673.980979581
201618.39452918
203772.44596294
206868.55744957
208710.205658801
209803.243747457
216074.386971918
218189.304260116
219437.385802926
219807.53513088
223621.18151127
225014.716175662
229688.811947211
235224.127203567
243410.844135995
244406.239395694
244901.829899349
248190.796991521
273580.518463191
288565.265257654
299813.674253938
300391.114223088
302360.917476077
303278.359672203
311552.357259127
328888.402472221
334231.230519992
343986.741350277
356035.963561382
357340.131167305
378171.672362475
378195.129074245
381327.914416026
393309.365931846
396119.717127742
398001.763194067
403871.233647196
412018.01274923
416638.141759742
425846.88043023
436131.131639852
438411.822262722
447321.487050012
448118.097141993
448580.282887338
454305.096395596
455933.885920876
458613.909221187
460177.916312413
475342.068279502
481388.451283455
492124.787247543
512543.253863979
531941.93909367
537167.49001912
543435.764925388
563570.4094699
585826.637846658
606605.622168398
629429.754173181
636686.479041024
639439.401126495
711109.110217976
721032.980023371
725428.143557621
787255.980417646
805312.197648801
829379.028731479
832470.025380929
888879.696892107
927984.542655818
1018738.22354974
1078073.74308998
1119858.81363226
1194729.90845563
1299905.5771502
1311278.33896024
1365820.82202069
1440164.33735085
1970701.25796272
2057577.31438767
2507902.71968121
2534712.93986898
